1
6
10
13
17
30
28
26
30
24
23
24
26
22
23
23
23
24
24
23
23
24
26
26
24
24
24
25
26
27
25
25
26
27
24
25
27
28
27
29
29
29
28
29
32
33
32
33
33
34
35
35
35
37
38
38
39
38
38
40
43
43
43
44
46
44
46
46
46
46
46
48
50
50
50
50
51
54
53
54
54
52
52
57
57
57
60
55
56
57
58
57
57
59
61
60
59
58
60
62
62
62
59
56
53
54
53
0
0
0
0
0
0
0
0
0
0
0
0
0
0
0
0
0
0
0
0
0
0
0
0
0
0
0
0
0
0
0
0
0
0
0
0
0
0
0
0
0
0
0

