1
8
12
16
30
40
44
62
72
68
78
70
58
72
61
59
58
58
55
60
56
54
57
55
56
55
56
57
54
56
53
56
56
55
56
55
56
60
56
58
60
60
57
57
58
58
60
59
60
64
62
64
60
60
61
63
64
63
66
68
65
65
66
70
68
70
69
69
73
70
72
72
71
70
72
73
74
73
74
74
74
73
75
75
75
73
73
74
73
77
74
74
74
74
76
76
73
73
72
72
73
72
71
71
73
72
70
71
69
69
69
71
68
68
70
66
66
64
64
63
63
64
64
61
60
61
58
58
57
56
57
54
53
53
50
51
49
46
45
44
42
42
40
39
38
37
34
30
30
27

