1
8
12
16
32
28
40
40
48
57
39
45
38
46
44
39
47
47
42
42
41
50
47
46
46
51
48
45
54
48
53
49
49
54
56
55
55
53
56
53
57
56
57
58
55
58
56
57
60
62
58
59
59
57
56
57
55
57
52
58
55
53
51
49
54
47
52
46
49
46
44
41
40
38
34
30
31
21
13
12
11
12
11
12
12
12
13
12
12
13
12
13
13
13
12
12
13
14
14
12
13
13
13
13
13
13
14
14
14
13
7
7
6
5
6
7
7
8
12
14
13
14
14
13
13
13
14
13
13
13
13
12
12
11
10
9
9
7
6

