1
8
12
16
32
28
40
40
48
68
56
72
68
88
81
67
79
72
69
63
60
74
68
65
65
71
68
65
71
68
74
70
69
72
76
76
77
73
79
75
81
78
80
82
79
82
82
86
84
88
86
88
89
88
87
92
90
94
87
97
95
94
94
93
102
97
103
98
99
100
98
100
105
104
102
100
105
107
103
105
105
112
107
105
105
111
107
106
104
114
109
109
108
109
108
107
108
109
113
106
108
104
109
103
101
103
102
103
101
104
100
97
95
96
94
91
94
87
85
83
83
85
79
75
69
64
64
55
50
38
31
28
28
28
29
28
28
28
28
29
28
28
29
29
30
29
30
31
32
29
29
29
29
30
26
23
22
20
19
16
17
15
16
17
18
19
21
26
30
33
29
30
30
30
30
30
30
32
30
30
30
30
29
29
28
28
28
29
27
27
26
26
26
28
25
24
23
24
21
19
19
17
15
12
9

