1
8
12
16
32
28
40
40
48
68
56
72
68
78
70
58
72
64
59
59
53
64
60
56
55
60
56
54
57
55
58
55
55
54
58
56
58
54
56
53
56
56
55
57
55
55
56
56
58
62
56
58
60
60
57
57
57
60
58
62
59
59
59
60
64
62
64
60
60
61
61
63
63
65
63
63
66
68
65
65
66
70
68
68
70
68
71
70
69
73
70
72
72
71
70
71
73
73
75
73
74
72
74
74
74
73
75
75
73
78
73
73
73
73
75
73
77
74
74
74
74
77
75
76
73
73
75
72
72
72
73
72
71
71
74
72
72
70
70
72
70
69
69
69
71
68
68
70
71
66
66
66
64
64
64
63
63
64
64
61
61
60
61
59
58
58
58
57
56
57
54
53
53
50
51
51
49
49
47
45
45
44
42
42
40
39
38
38
37
34
34
31
30
30
27
25
24
19
14
12
10
9
6

