1
8
12
16
32
28
40
40
42
55
44
54
51
57
50
44
55
51
51
49
46
57
53
54
52
58
57
55
60
58
65
62
62
65
71
69
72
70
75
73
81
75
80
82
79
84
82
89
90
94
91
93
99
91
95
100
96
107
93
107
103
101
107
97
116
103
110
108
106
112
103
105
116
106
112
105
112
113
105
110
107
118
109
108
106
114
111
106
106
115
107
111
106
112
106
110
108
107
119
101
108
101
115
109
101
105
106
105
107
104
108
101
100
102
106
102
102
98
96
104
100
102
94
104
92
92
95
98
92
91
89
93
88
92
88
83
93
82
82
85
88
80
80
74
79
83
69
72
71
70
62
62
58
60
50
43
28
35
30
28
30
32
30
30
28
33
30
29
30
30
33
29
27
30
31
30
29
28
34
28
28
28
31
30
29
26
31
28
30
29
26
32
27
28
26
30
27
27
25
30
26
27
26
27
27
25
26
24
27
25
24
22
28
23
24
23
23
25
21
23
22
23
23
21
19
24
20
21
19
19
23
44
65
73
68
62
59
56
50
44
39
35
29
26
23
17
14
14
14
13
11
13
12
9

