1
8
12
16
32
28
40
40
48
68
56
72
68
88
88
84
112
112
112
116
112
144
140
144
144
168
164
160
184
172
200
192
188
208
224
224
228
224
248
236
264
248
264
276
264
288
276
304
304
312
316
320
344
316
336
352
340
376
336
392
380
368
400
364
440
400
424
420
416
448
428
432
480
444
472
456
488
500
472
496
492
536
512
512
516
552
544
540
536
584
556
576
568
592
580
592
600
612
664
592
640
596
664
672
620
664
656
680
692
672
720
668
704
704
716
744
728
728
724
736
776
772
768
792
760
780
776
832
788
816
800
812
848
832
856
828
880
848
844
888
896
888
876
864
936
932
920
904
944
956
912
968
916
992
960
948
992
1008
1008
972
976
1048
1004
1048
1008
1048
1052
1016
1064
1076
1088
1088
1020
1112
1096
1088
1116
1088
1152
1116
1144
1128
1152
1148
1144
1144
1172
1192
1184
1180
1168
1232
1192
1220
1216
1240
1236
1256
1216
1280
1228
1248
1288
1260
1312
1248
1304
1292
1328
1344
1276
1320
1352
1324
1376
1296
1392
1372
1320
1432
1356
1424
1384
1376
1380
1448
1440
1412
1432
1448
1444
1456
1448
1488
1460
1456
1472
1492
1520
1496
1488
1524
1496
1536
1556
1536
1576
1512
1564
1536
1608
1572
1584
1568
1596
1624
1608
1624
1612
1624
1656
1596
1688
1648
1664
1644
1624
1728
1700
1696
1688
1676
1703
1590
1595
1549
1515
1544
1452
1454
1510
1436
1440
1379
1413
1338
1293
1265
1217
1189
1093
1087
1065
1040
1003
943
951
937
926
860
827
894
787
829
741
786
750
672
748
659
696
637
593
655
565
596
540
509
536
462
500
420
426
405
346
376
313
301
270
202
197
133
105

